<?xml version="1.0"?>
<opencv_storage>
<calibration_Time>"01/21/16 02:27:36"</calibration_Time>
<nrOfFrames>5</nrOfFrames>
<image_Width>3264</image_Width>
<image_Height>2448</image_Height>
<board_Width>4</board_Width>
<board_Height>11</board_Height>
<square_Size>1.3500000000000000e+001</square_Size>
<FixAspectRatio>1.</FixAspectRatio>
<!-- flags:  +fix_aspectRatio +fix_principal_point +zero_tangent_dist -->
<flagValue>14</flagValue>
<Camera_Matrix type_id="opencv-matrix">
  <rows>3</rows>
  <cols>3</cols>
  <dt>d</dt>
  <data>
    2.6737025669408413e+003 0. 1.6315000000000000e+003 0.
    2.6737025669408413e+003 1.2235000000000000e+003 0. 0. 1.</data></Camera_Matrix>
<Distortion_Coefficients type_id="opencv-matrix">
  <rows>5</rows>
  <cols>1</cols>
  <dt>d</dt>
  <data>
    2.1002730872253025e-001 -5.4969287218887697e+000 0. 0.
    5.9258293972535668e+001</data></Distortion_Coefficients>
<Avg_Reprojection_Error>4.1879703743684715e-001</Avg_Reprojection_Error>
<Per_View_Reprojection_Errors type_id="opencv-matrix">
  <rows>5</rows>
  <cols>1</cols>
  <dt>f</dt>
  <data>
    4.87553388e-001 3.08664352e-001 2.36431286e-001 3.40424567e-001
    6.10068977e-001</data></Per_View_Reprojection_Errors>
<!-- a set of 6-tuples (rotation vector + translation vector) for each view -->
<Extrinsic_Parameters type_id="opencv-matrix">
  <rows>5</rows>
  <cols>6</cols>
  <dt>d</dt>
  <data>
    2.6082115763892111e-001 -4.8855154578229504e-001
    1.5297895864181361e+000 6.8276602740135587e+001
    -1.3188794127969443e+001 4.9663250139292387e+002
    2.4401113817553252e-001 -3.5526035983357013e-001
    1.0986737159395301e+000 1.0560287461630947e+001
    -3.3464916170104495e+001 5.1231667670912896e+002
    3.4706731135596741e-001 -2.5151302115778623e-001
    -6.2432218089348165e-002 -4.8064488590474348e+001
    -2.6032612041353058e+001 5.0734579955174860e+002
    2.1348511141013004e-002 -9.7045557038877350e-002
    1.6286186022994891e+000 8.5042370142838848e+001
    -4.3648539881358403e+001 4.7829163769851812e+002
    1.1111935110758472e-001 -2.5555264797152377e-001
    1.9702933634737507e+000 9.5744086694721574e+001
    -1.5521056475802759e+001 4.6807354001939996e+002</data></Extrinsic_Parameters>
<Image_points type_id="opencv-matrix">
  <rows>5</rows>
  <cols>44</cols>
  <dt>"2f"</dt>
  <data>
    1.99923987e+003 1.15267017e+003 1.98643445e+003 1.28048242e+003
    1.97433875e+003 1.40185535e+003 1.96280444e+003 1.51843152e+003
    1.92269812e+003 1.22015662e+003 1.91184741e+003 1.34505566e+003
    1.90156238e+003 1.46411548e+003 1.89167664e+003 1.57864050e+003
    1.85697791e+003 1.15793958e+003 1.84746729e+003 1.28652722e+003
    1.83849695e+003 1.40860315e+003 1.83101563e+003 1.52528992e+003
    1.78107043e+003 1.22580042e+003 1.77351575e+003 1.35143835e+003
    1.76563892e+003 1.47072314e+003 1.75936621e+003 1.58619592e+003
    1.71262585e+003 1.16310071e+003 1.70658203e+003 1.29247913e+003
    1.70083936e+003 1.41536230e+003 1.69528345e+003 1.53316162e+003
    1.63744946e+003 1.23148474e+003 1.63309387e+003 1.35816028e+003
    1.62920569e+003 1.47844482e+003 1.62518384e+003 1.59420300e+003
    1.56607837e+003 1.16830518e+003 1.56514832e+003 1.29929102e+003
    1.56108301e+003 1.42232764e+003 1.55865112e+003 1.54087488e+003
    1.49140100e+003 1.23716443e+003 1.49065991e+003 1.36451855e+003
    1.48990063e+003 1.48587488e+003 1.48899878e+003 1.60237231e+003
    1.41690356e+003 1.17356213e+003 1.41798035e+003 1.30475317e+003
    1.41895911e+003 1.42939075e+003 1.41973010e+003 1.54872327e+003
    1.34296460e+003 1.24292334e+003 1.34571558e+003 1.37125403e+003
    1.34833936e+003 1.49387109e+003 1.35062512e+003 1.61072925e+003
    1.26517163e+003 1.17876074e+003 1.27012036e+003 1.31105457e+003
    1.27459119e+003 1.43653394e+003 1.27872986e+003 1.55720923e+003
    1.68628186e+003 1.04905078e+003 1.74154358e+003 1.16611584e+003
    1.79434790e+003 1.27811646e+003 1.84544983e+003 1.38618970e+003
    1.65164160e+003 1.13875793e+003 1.70685046e+003 1.25259448e+003
    1.75991711e+003 1.36176733e+003 1.81118677e+003 1.46751074e+003
    1.55985620e+003 1.11072534e+003 1.61761584e+003 1.22650769e+003
    1.67290186e+003 1.33716479e+003 1.72722717e+003 1.44455981e+003
    1.52638904e+003 1.19964783e+003 1.58427808e+003 1.31215588e+003
    1.63950208e+003 1.42022083e+003 1.69301306e+003 1.52470349e+003
    1.43340674e+003 1.17216113e+003 1.49371655e+003 1.28660828e+003
    1.55136658e+003 1.39608948e+003 1.60699158e+003 1.50192639e+003
    1.40128528e+003 1.26038318e+003 1.46151306e+003 1.37170996e+003
    1.51922888e+003 1.47862183e+003 1.57499792e+003 1.58210706e+003
    1.30681287e+003 1.23354626e+003 1.36982007e+003 1.34673242e+003
    1.42990576e+003 1.45515576e+003 1.48786658e+003 1.55984888e+003
    1.27590076e+003 1.32114124e+003 1.33866089e+003 1.43134033e+003
    1.39880920e+003 1.53711548e+003 1.45685791e+003 1.63951477e+003
    1.18000354e+003 1.29487170e+003 1.24561438e+003 1.40689368e+003
    1.30811731e+003 1.51418420e+003 1.36845032e+003 1.61773328e+003
    1.15040564e+003 1.38189734e+003 1.21571936e+003 1.49094055e+003
    1.27825854e+003 1.59593945e+003 1.33865613e+003 1.69691040e+003
    1.05314453e+003 1.35621887e+003 1.12129004e+003 1.46709326e+003
    1.18639246e+003 1.57318481e+003 1.24918726e+003 1.67602478e+003
    1.37755127e+003 1.08588049e+003 1.51714478e+003 1.07314978e+003
    1.65256567e+003 1.06074158e+003 1.78527234e+003 1.04840588e+003
    1.45111279e+003 1.14618225e+003 1.58705176e+003 1.13348621e+003
    1.71966882e+003 1.12042041e+003 1.84985706e+003 1.10755200e+003
    1.38483704e+003 1.21988770e+003 1.52179065e+003 1.20571924e+003
    1.65477209e+003 1.19188025e+003 1.78515234e+003 1.17822864e+003
    1.45659167e+003 1.27756677e+003 1.59028223e+003 1.26294653e+003
    1.72057361e+003 1.24854529e+003 1.84842371e+003 1.23440405e+003
    1.39155847e+003 1.34915039e+003 1.52611572e+003 1.33355469e+003
    1.65670789e+003 1.31843030e+003 1.78486548e+003 1.30355408e+003
    1.46195605e+003 1.40386816e+003 1.59336719e+003 1.38788940e+003
    1.72144019e+003 1.37235242e+003 1.84722791e+003 1.35707556e+003
    1.39791895e+003 1.47392993e+003 1.53024963e+003 1.45698474e+003
    1.65819983e+003 1.44106494e+003 1.78469299e+003 1.42462891e+003
    1.46704321e+003 1.52596155e+003 1.59628931e+003 1.50878735e+003
    1.72229651e+003 1.49202881e+003 1.84602209e+003 1.47562878e+003
    1.40395349e+003 1.59464978e+003 1.53405530e+003 1.57657263e+003
    1.66043115e+003 1.55915173e+003 1.78444934e+003 1.54194568e+003
    1.47187061e+003 1.64409705e+003 1.59907532e+003 1.62572742e+003
    1.72324268e+003 1.60820276e+003 1.84485791e+003 1.59053540e+003
    1.40979382e+003 1.71138599e+003 1.53773401e+003 1.69214307e+003
    1.66215796e+003 1.67356201e+003 1.78449585e+003 1.65572168e+003
    2.10855298e+003 9.79174316e+002 2.09720337e+003 1.13040503e+003
    2.08623682e+003 1.27967432e+003 2.07554810e+003 1.42801917e+003
    2.02727136e+003 1.04928906e+003 2.01716663e+003 1.20045654e+003
    2.00647083e+003 1.34978223e+003 1.99601501e+003 1.49828662e+003
    1.95818335e+003 9.70038635e+002 1.94751123e+003 1.12163403e+003
    1.93715857e+003 1.27114063e+003 1.92688721e+003 1.42014221e+003
    1.87758667e+003 1.04146265e+003 1.86743774e+003 1.19215173e+003
    1.85742725e+003 1.34136340e+003 1.84750574e+003 1.49021436e+003
    1.80727991e+003 9.60536133e+002 1.79734570e+003 1.11255762e+003
    1.78761060e+003 1.26247424e+003 1.77792957e+003 1.41197412e+003
    1.72674585e+003 1.03216748e+003 1.71723047e+003 1.18332922e+003
    1.70782092e+003 1.33301062e+003 1.69835938e+003 1.48230945e+003
    1.65560193e+003 9.51055847e+002 1.64643323e+003 1.10355725e+003
    1.63728589e+003 1.25398853e+003 1.62818323e+003 1.40409729e+003
    1.57495740e+003 1.02280896e+003 1.56608142e+003 1.17451855e+003
    1.55733899e+003 1.32465430e+003 1.54845007e+003 1.47442041e+003
    1.50293066e+003 9.41271484e+002 1.49445215e+003 1.09433459e+003
