<?xml version="1.0"?>
<opencv_storage>
<calibration_Time>"01/21/16 02:31:31"</calibration_Time>
<nrOfFrames>5</nrOfFrames>
<image_Width>3264</image_Width>
<image_Height>2448</image_Height>
<board_Width>7</board_Width>
<board_Height>5</board_Height>
<square_Size>30.</square_Size>
<!-- flags:  +fix_principal_point +zero_tangent_dist -->
<flagValue>12</flagValue>
<Camera_Matrix type_id="opencv-matrix">
  <rows>3</rows>
  <cols>3</cols>
  <dt>d</dt>
  <data>
    4.0277269571929000e+003 0. 1.6315000000000000e+003 0.
    4.0301802569742645e+003 1.2235000000000000e+003 0. 0. 1.</data></Camera_Matrix>
<Distortion_Coefficients type_id="opencv-matrix">
  <rows>5</rows>
  <cols>1</cols>
  <dt>d</dt>
  <data>
    1.9160798277786537e-001 -5.4757696622464866e+000 0. 0.
    1.5397066459532428e+002</data></Distortion_Coefficients>
<Avg_Reprojection_Error>3.5246352213288473e-001</Avg_Reprojection_Error>
<Per_View_Reprojection_Errors type_id="opencv-matrix">
  <rows>5</rows>
  <cols>1</cols>
  <dt>f</dt>
  <data>
    3.04544359e-001 4.32649225e-001 3.27434689e-001 3.50707531e-001
    3.33182842e-001</data></Per_View_Reprojection_Errors>
<!-- a set of 6-tuples (rotation vector + translation vector) for each view -->
<Extrinsic_Parameters type_id="opencv-matrix">
  <rows>5</rows>
  <cols>6</cols>
  <dt>d</dt>
  <data>
    4.5373646175360371e-001 -9.6508976706177960e-002
    -1.4080096107381115e-002 -1.2623505697660032e+002
    -5.6543368786401480e+001 9.2314759571275215e+002
    7.9083633634478490e-001 6.4902518044731711e-002
    -1.8242035709465029e-002 -7.4922881994258120e+001
    -5.9223994695409324e+001 8.4593468372169207e+002
    -2.5403919795653085e-001 -5.5166239818994309e-002
    3.1327472015902504e-002 -7.8913937420711463e+001
    -1.0241465536517728e+002 9.3400941703841818e+002
    -6.9061406241382003e-002 -4.5563937787932712e-001
    6.6473974446475334e-003 -8.5322661104413910e+001
    -8.0058703116215341e+001 8.4436600567295397e+002
    -9.7203944636276851e-003 5.1637624189664122e-001
    -1.5346808701219627e-002 -7.9169894976686606e+001
    -8.9081148445576090e+001 9.6167717940872410e+002</data></Extrinsic_Parameters>
<Image_points type_id="opencv-matrix">
  <rows>5</rows>
  <cols>35</cols>
  <dt>"2f"</dt>
  <data>
    1.07891467e+003 9.75387939e+002 1.21155017e+003 9.72108337e+002
    1.34249902e+003 9.68300476e+002 1.47296924e+003 9.64630371e+002
    1.60212793e+003 9.61064758e+002 1.73057959e+003 9.57324585e+002
    1.85843799e+003 9.53486267e+002 1.08572607e+003 1.09602112e+003
    1.21654175e+003 1.09198340e+003 1.34571643e+003 1.08807214e+003
    1.47413123e+003 1.08422119e+003 1.60158911e+003 1.07995264e+003
    1.72814307e+003 1.07590979e+003 1.85414380e+003 1.07211499e+003
    1.09235889e+003 1.21242346e+003 1.22122253e+003 1.20787146e+003
    1.34880713e+003 1.20368091e+003 1.47553967e+003 1.19894946e+003
    1.60119519e+003 1.19482336e+003 1.72614233e+003 1.19052942e+003
    1.85021606e+003 1.18624670e+003 1.09844678e+003 1.32565723e+003
    1.22578564e+003 1.32051782e+003 1.35157043e+003 1.31616602e+003
    1.47651270e+003 1.31123938e+003 1.60060510e+003 1.30681006e+003
    1.72367908e+003 1.30206665e+003 1.84670056e+003 1.29753882e+003
    1.10486658e+003 1.43636707e+003 1.23017114e+003 1.43108179e+003
    1.35420178e+003 1.42577380e+003 1.47749573e+003 1.42112219e+003
    1.60022302e+003 1.41585120e+003 1.72161353e+003 1.41093298e+003
    1.84263794e+003 1.40655518e+003 1.27377869e+003 9.40135986e+002
    1.41646631e+003 9.41047791e+002 1.55965381e+003 9.42041321e+002
    1.70333264e+003 9.42613953e+002 1.84731592e+003 9.43044434e+002
    1.99221692e+003 9.43123230e+002 2.13758252e+003 9.42908569e+002
    1.28847095e+003 1.04600378e+003 1.42757361e+003 1.04685352e+003
    1.56686401e+003 1.04818384e+003 1.70695068e+003 1.04869153e+003
    1.84765491e+003 1.04937024e+003 1.98872449e+003 1.04994800e+003
    2.13121631e+003 1.05060400e+003 1.30236890e+003 1.14628320e+003
    1.43815991e+003 1.14720239e+003 1.57433740e+003 1.14813892e+003
    1.71082495e+003 1.14927966e+003 1.84837891e+003 1.14990833e+003
    1.98565344e+003 1.15138721e+003 2.12462793e+003 1.15180811e+003
    1.31516589e+003 1.24146106e+003 1.44840295e+003 1.24234583e+003
    1.58090552e+003 1.24351794e+003 1.71430261e+003 1.24466223e+003
    1.84857141e+003 1.24587329e+003 1.98280591e+003 1.24667700e+003
    2.11831177e+003 1.24845374e+003 1.32771741e+003 1.33280310e+003
    1.45781567e+003 1.33394348e+003 1.58746411e+003 1.33499988e+003
    1.71801306e+003 1.33636255e+003 1.84886292e+003 1.33730896e+003
    1.97984912e+003 1.33856750e+003 2.11227319e+003 1.33984070e+003
    1.29018994e+003 7.80383423e+002 1.42037744e+003 7.86184631e+002
    1.54931677e+003 7.91892639e+002 1.67844788e+003 7.97918579e+002
    1.80692249e+003 8.02585999e+002 1.93500964e+003 8.08485352e+002
    2.06265015e+003 8.13827515e+002 1.28492419e+003 9.03686829e+002
    1.41579187e+003 9.09544678e+002 1.54564148e+003 9.15217041e+002
    1.67560242e+003 9.20463623e+002 1.80535144e+003 9.25814026e+002
    1.93437061e+003 9.31405212e+002 2.06287744e+003 9.36142944e+002
    1.27864941e+003 1.02837915e+003 1.41077832e+003 1.03410681e+003
    1.54200562e+003 1.03947412e+003 1.67303870e+003 1.04436279e+003
    1.80355286e+003 1.04976880e+003 1.93308704e+003 1.05528357e+003
    2.06331836e+003 1.05964087e+003 1.27246375e+003 1.15530090e+003
    1.40556836e+003 1.16051282e+003 1.53833142e+003 1.16592859e+003
    1.66987439e+003 1.17063281e+003 1.80155579e+003 1.17599463e+003
    1.93237842e+003 1.18090479e+003 2.06339551e+003 1.18582458e+003
    1.26612756e+003 1.28447461e+003 1.40059290e+003 1.28980798e+003
    1.53413159e+003 1.29483679e+003 1.66722180e+003 1.29953430e+003
    1.79961401e+003 1.30440759e+003 1.93211853e+003 1.30953784e+003
    2.06374390e+003 1.31407129e+003 1.22333618e+003 8.39708801e+002
    1.35704407e+003 8.49425781e+002 1.48598767e+003 8.58404785e+002
    1.61080920e+003 8.67310791e+002 1.73253503e+003 8.75060547e+002
    1.84991736e+003 8.83250427e+002 1.96457764e+003 8.90852356e+002
    1.22393323e+003 9.83528076e+002 1.35760205e+003 9.90243042e+002
    1.48684521e+003 9.97191711e+002 1.61223987e+003 1.00378168e+003
    1.73380371e+003 1.00979193e+003 1.85204016e+003 1.01562103e+003
    1.96682056e+003 1.02136926e+003 1.22435950e+003 1.12633521e+003
    1.35840308e+003 1.13094873e+003 1.48775696e+003 1.13549500e+003
    1.61364539e+003 1.14029102e+003 1.73555652e+003 1.14417908e+003
    1.85365125e+003 1.14828479e+003 1.96857031e+003 1.15181396e+003
    1.22457251e+003 1.26998120e+003 1.35892236e+003 1.27251746e+003
    1.48887512e+003 1.27469482e+003 1.61489148e+003 1.27700781e+003
    1.73678040e+003 1.27901733e+003 1.85529944e+003 1.28105981e+003
    1.97053943e+003 1.28317444e+003 1.22461145e+003 1.41531726e+003
    1.35924829e+003 1.41547583e+003 1.48954651e+003 1.41544019e+003
    1.61574939e+003 1.41523181e+003 1.73823572e+003 1.41522644e+003
    1.85677722e+003 1.41544434e+003 1.97261133e+003 1.41545776e+003
    1.29934131e+003 8.48951965e+002 1.40546814e+003 8.41441772e+002
    1.51468030e+003 8.33131287e+002 1.62766541e+003 8.24423401e+002
    1.74389258e+003 8.15504761e+002 1.86468555e+003 8.06485718e+002
    1.98904468e+003 7.96896179e+002 1.30042444e+003 9.75657715e+002
    1.40706824e+003 9.69411743e+002 1.51651978e+003 9.63420715e+002
    1.62953857e+003 9.56972839e+002 1.74573242e+003 9.50393677e+002
    1.86587598e+003 9.43503052e+002 1.99058044e+003 9.35990845e+002
    1.30214771e+003 1.10131885e+003 1.40807617e+003 1.09725037e+003
    1.51804395e+003 1.09313062e+003 1.63077783e+003 1.08875952e+003
    1.74756848e+003 1.08413269e+003 1.86776855e+003 1.07956177e+003
    1.99209961e+003 1.07435925e+003 1.30314551e+003 1.22699805e+003
    1.40998303e+003 1.22501709e+003 1.51959302e+003 1.22285303e+003
    1.63258289e+003 1.22034790e+003 1.74923389e+003 1.21823059e+003
    1.86980103e+003 1.21590564e+003 1.99413232e+003 1.21315198e+003
