<?xml version="1.0"?>
<opencv_storage>
<calibration_Time>"01/21/16 02:02:52"</calibration_Time>
<nrOfFrames>10</nrOfFrames>
<image_Width>3264</image_Width>
<image_Height>2448</image_Height>
<board_Width>7</board_Width>
<board_Height>4</board_Height>
<square_Size>28.</square_Size>
<!-- flags:  +fix_principal_point +zero_tangent_dist -->
<flagValue>12</flagValue>
<Camera_Matrix type_id="opencv-matrix">
  <rows>3</rows>
  <cols>3</cols>
  <dt>d</dt>
  <data>
    2.7090819432817552e+003 0. 1.6315000000000000e+003 0.
    2.7075232766763493e+003 1.2235000000000000e+003 0. 0. 1.</data></Camera_Matrix>
<Distortion_Coefficients type_id="opencv-matrix">
  <rows>5</rows>
  <cols>1</cols>
  <dt>d</dt>
  <data>
    8.2829982584548892e-002 1.4592396685328007e-001 0. 0.
    -7.8771738130661761e-001</data></Distortion_Coefficients>
<Avg_Reprojection_Error>8.7837986089858355e-001</Avg_Reprojection_Error>
<Per_View_Reprojection_Errors type_id="opencv-matrix">
  <rows>10</rows>
  <cols>1</cols>
  <dt>f</dt>
  <data>
    9.68040109e-001 8.48642230e-001 8.11908007e-001 4.23105955e-001
    6.32825315e-001 6.07494295e-001 1.61093891e+000 1.05972886e+000
    5.71862698e-001 6.36639416e-001</data></Per_View_Reprojection_Errors>
<!-- a set of 6-tuples (rotation vector + translation vector) for each view -->
<Extrinsic_Parameters type_id="opencv-matrix">
  <rows>10</rows>
  <cols>6</cols>
  <dt>d</dt>
  <data>
    3.0686519463743844e-001 8.9250050507046952e-001
    -2.9352592649676006e+000 4.2949428907210013e+001
    9.4128885911947918e+001 5.2126619251753061e+002
    1.0662004206757351e-001 7.2225659516797236e-001
    -2.5225374395101245e+000 2.8273870690323399e+001
    1.2043781238093381e+002 5.8019895758410166e+002
    2.1288323353575334e-001 -8.0014131409719713e-001
    2.7754284979528712e+000 3.8207867986628919e+001
    8.5311701343553963e+001 5.3205651667486723e+002
    -9.1283509619790384e-002 -1.2615785520099485e-001
    3.1344931629080355e+000 5.1373080746724412e+001
    1.2203538222108405e+002 5.1661459535042854e+002
    -6.5161264854194978e-001 2.5700839313599450e-001
    -2.9158091867561224e+000 1.5452077142037252e+001
    1.2366196464810645e+002 5.0711485925169109e+002
    -5.1647563883595771e-001 -4.1352030615583935e-001
    3.0241690399569476e+000 3.4024709141495208e+001
    9.1759246642802069e+001 5.3965452574951587e+002
    1.8211101473624608e-001 3.3701547723816794e-001
    -1.4946755294833349e+000 -3.0822259501180973e+001
    1.2586908572512507e+002 6.1265197626977158e+002
    1.8132697921464802e-001 1.1513808152103113e+000
    -2.1345110711872164e+000 -3.2060489136622728e+001
    6.9362060488672086e+001 5.3863961573398274e+002
    2.9245994973465300e-001 -6.8131013939468654e-001
    1.5715782410938479e+000 3.4246396922729105e+001
    -9.2071291187470905e+000 5.2451402946296821e+002
    3.2036769588517999e-001 -6.5507337747823868e-001
    1.5344839739626470e+000 1.1792279410261537e+001
    -4.2156868367448554e+000 5.1671017644391520e+002</data></Extrinsic_Parameters>
<Image_points type_id="opencv-matrix">
  <rows>10</rows>
  <cols>28</cols>
  <dt>"2f"</dt>
  <data>
    1.85519946e+003 1.71336194e+003 1.71395117e+003 1.72029028e+003
    1.56912122e+003 1.72711267e+003 1.42024817e+003 1.73289905e+003
    1.26764758e+003 1.74044385e+003 1.11050415e+003 1.74539063e+003
    9.48775085e+002 1.75406201e+003 1.87899646e+003 1.60348950e+003
    1.73327161e+003 1.60721509e+003 1.58449426e+003 1.61290991e+003
    1.43114197e+003 1.61810632e+003 1.27399084e+003 1.62264783e+003
    1.11250659e+003 1.62824866e+003 9.46188599e+002 1.63465283e+003
    1.90332275e+003 1.48591772e+003 1.75377673e+003 1.48865393e+003
    1.60024939e+003 1.49254138e+003 1.44292322e+003 1.49645557e+003
    1.28125708e+003 1.50049353e+003 1.11482813e+003 1.50522607e+003
    9.43168762e+002 1.50961584e+003 1.92998218e+003 1.36157336e+003
    1.77591858e+003 1.36517065e+003 1.61826404e+003 1.36748608e+003
    1.45592944e+003 1.37004236e+003 1.28874463e+003 1.37233215e+003
    1.11699622e+003 1.37302905e+003 9.39511047e+002 1.37610120e+003
    1.76411731e+003 1.78711694e+003 1.65085571e+003 1.73362976e+003
    1.53476440e+003 1.67894543e+003 1.41674304e+003 1.62171826e+003
    1.29557947e+003 1.56494275e+003 1.17226428e+003 1.50454712e+003
    1.04497498e+003 1.44467468e+003 1.83348413e+003 1.70248987e+003
    1.71827527e+003 1.64544104e+003 1.60045105e+003 1.58846484e+003
    1.48029163e+003 1.52976306e+003 1.35754919e+003 1.46882520e+003
    1.23146582e+003 1.40778638e+003 1.10204370e+003 1.34511951e+003
    1.90518848e+003 1.61332971e+003 1.78861133e+003 1.55413025e+003
    1.66868713e+003 1.49426697e+003 1.54669482e+003 1.43328369e+003
    1.42142200e+003 1.37098645e+003 1.29317639e+003 1.30745886e+003
    1.16159314e+003 1.24194873e+003 1.98151990e+003 1.52050659e+003
    1.86227332e+003 1.46034912e+003 1.74054822e+003 1.39836011e+003
    1.61575110e+003 1.33468933e+003 1.48836829e+003 1.26965198e+003
    1.35797888e+003 1.20120862e+003 1.22373499e+003 1.13284644e+003
    1.82654309e+003 1.65822388e+003 1.68901208e+003 1.68186621e+003
    1.55426868e+003 1.70502087e+003 1.42206946e+003 1.72626758e+003
    1.29163843e+003 1.74866406e+003 1.16437695e+003 1.76822388e+003
    1.03821240e+003 1.79027295e+003 1.79147400e+003 1.54976025e+003
    1.65067090e+003 1.57362817e+003 1.51281287e+003 1.59830652e+003
    1.37759167e+003 1.62204932e+003 1.24506787e+003 1.64453589e+003
    1.11461987e+003 1.66769690e+003 9.86073792e+002 1.69061572e+003
    1.75478967e+003 1.43472961e+003 1.61072632e+003 1.46056628e+003
    1.46981372e+003 1.48661353e+003 1.33152356e+003 1.51215112e+003
    1.19583948e+003 1.53773889e+003 1.06209875e+003 1.56264905e+003
    9.30654297e+002 1.58683411e+003 1.71587000e+003 1.31415369e+003
    1.56840210e+003 1.34369617e+003 1.42344214e+003 1.37186230e+003
    1.28197302e+003 1.39952527e+003 1.14252185e+003 1.42629907e+003
    1.00657861e+003 1.45106812e+003 8.72135803e+002 1.47761987e+003
    1.90238989e+003 1.86639783e+003 1.75594458e+003 1.86942566e+003
    1.60766748e+003 1.87272498e+003 1.45862585e+003 1.87533936e+003
    1.30825623e+003 1.87938049e+003 1.15689551e+003 1.88234741e+003
    1.00329315e+003 1.88645459e+003 1.90305005e+003 1.72082593e+003
    1.75579272e+003 1.72236230e+003 1.60758569e+003 1.72510425e+003
    1.45821326e+003 1.72786047e+003 1.30753442e+003 1.73057263e+003
    1.15561426e+003 1.73361389e+003 1.00174060e+003 1.73717883e+003
    1.90329419e+003 1.57442395e+003 1.75565601e+003 1.57573108e+003
    1.60718323e+003 1.57777161e+003 1.45749622e+003 1.58005933e+003
    1.30657886e+003 1.58259753e+003 1.15391846e+003 1.58509143e+003
    9.99565857e+002 1.58757202e+003 1.90388989e+003 1.42704150e+003
    1.75619324e+003 1.42877893e+003 1.60674255e+003 1.43051929e+003
    1.45683899e+003 1.43233313e+003 1.30511475e+003 1.43370190e+003
    1.15243018e+003 1.43495020e+003 9.97435425e+002 1.43703857e+003
    1.71451282e+003 1.88680090e+003 1.58094324e+003 1.84653333e+003
    1.45250110e+003 1.80846973e+003 1.33104785e+003 1.77102124e+003
    1.21231958e+003 1.73649951e+003 1.10079236e+003 1.70172937e+003
    9.91212830e+002 1.66985413e+003 1.72990991e+003 1.74500110e+003
    1.59591833e+003 1.70715869e+003 1.46623047e+003 1.67136230e+003
    1.34260828e+003 1.63717212e+003 1.22448645e+003 1.60392664e+003
    1.11006262e+003 1.57257935e+003 9.99725830e+002 1.54264441e+003
    1.74687366e+003 1.60107788e+003 1.61121924e+003 1.56576770e+003
    1.48049292e+003 1.53280383e+003 1.35529883e+003 1.50120483e+003
    1.23483264e+003 1.47111609e+003 1.11899121e+003 1.44200427e+003
    1.00759772e+003 1.41408655e+003 1.76411975e+003 1.45388562e+003
    1.62544458e+003 1.42256067e+003 1.49269568e+003 1.39220923e+003
    1.36587976e+003 1.36339722e+003 1.24388623e+003 1.33564197e+003
    1.12858533e+003 1.30846887e+003 1.01519482e+003 1.28272278e+003
    1.80234143e+003 1.68447302e+003 1.67078613e+003 1.70598181e+003
