<?xml version="1.0"?>
<opencv_storage>
<calibration_Time>"01/21/16 02:12:55"</calibration_Time>
<nrOfFrames>5</nrOfFrames>
<image_Width>3264</image_Width>
<image_Height>2448</image_Height>
<board_Width>7</board_Width>
<board_Height>6</board_Height>
<square_Size>1.1500000000000000e+001</square_Size>
<FixAspectRatio>1.</FixAspectRatio>
<!-- flags:  +fix_aspectRatio +fix_principal_point +zero_tangent_dist -->
<flagValue>14</flagValue>
<Camera_Matrix type_id="opencv-matrix">
  <rows>3</rows>
  <cols>3</cols>
  <dt>d</dt>
  <data>
    2.7524714200642807e+003 0. 1.6315000000000000e+003 0.
    2.7524714200642807e+003 1.2235000000000000e+003 0. 0. 1.</data></Camera_Matrix>
<Distortion_Coefficients type_id="opencv-matrix">
  <rows>5</rows>
  <cols>1</cols>
  <dt>d</dt>
  <data>
    3.0854350234663968e-002 3.0451736682737685e+000 0. 0.
    -3.6226004785204523e+001</data></Distortion_Coefficients>
<Avg_Reprojection_Error>3.5457610586106725e-001</Avg_Reprojection_Error>
<Per_View_Reprojection_Errors type_id="opencv-matrix">
  <rows>5</rows>
  <cols>1</cols>
  <dt>f</dt>
  <data>
    3.41145188e-001 3.08611572e-001 4.08480763e-001 4.10862267e-001
    2.85193950e-001</data></Per_View_Reprojection_Errors>
<!-- a set of 6-tuples (rotation vector + translation vector) for each view -->
<Extrinsic_Parameters type_id="opencv-matrix">
  <rows>5</rows>
  <cols>6</cols>
  <dt>d</dt>
  <data>
    5.5212959508676407e-001 3.4176233178763886e-002
    1.5830023992612355e-001 -3.5672205773454557e+001
    -4.0957359382395097e+001 2.3966758138605726e+002
    5.8013102240959802e-001 1.2018720529537279e-001
    -2.7247346726284732e-001 -5.0372165104170200e+001
    -1.6155333418279980e+001 2.4240919517150778e+002
    1.1785487574328612e-001 3.1314756935273795e-002
    1.2032930990180671e-001 -2.9734630812397551e+001
    -4.8872067395177787e+001 2.4503391139600103e+002
    3.8021776071688113e-001 -3.7267864692097508e-001
    -3.2924442860641635e-003 -3.6681380868346054e+001
    -3.2883445361626897e+001 2.1378976861365862e+002
    4.8850860164441134e-001 6.8619809632317841e-001
    4.5253515883007572e-001 -1.4639017441191534e+001
    -5.5468500870768167e+001 2.5979540936020436e+002</data></Extrinsic_Parameters>
<Image_points type_id="opencv-matrix">
  <rows>5</rows>
  <cols>42</cols>
  <dt>"2f"</dt>
  <data>
    1.21973169e+003 7.50253052e+002 1.35124707e+003 7.72459473e+002
    1.48236707e+003 7.94367615e+002 1.61307935e+003 8.15737061e+002
    1.74334607e+003 8.36977478e+002 1.87348645e+003 8.58359009e+002
    2.00337598e+003 8.79751038e+002 1.21199890e+003 8.71529297e+002
    1.34042627e+003 8.92447388e+002 1.46819165e+003 9.13726563e+002
    1.59561194e+003 9.34446228e+002 1.72254077e+003 9.55127869e+002
    1.84948718e+003 9.75690796e+002 1.97612805e+003 9.96439453e+002
    1.20479248e+003 9.86062683e+002 1.32990271e+003 1.00661292e+003
    1.45459912e+003 1.02699561e+003 1.57884387e+003 1.04718384e+003
    1.70273755e+003 1.06716870e+003 1.82652161e+003 1.08716956e+003
    1.95008301e+003 1.10700806e+003 1.19761865e+003 1.09514587e+003
    1.31976624e+003 1.11473804e+003 1.44162280e+003 1.13440881e+003
    1.56297522e+003 1.15399524e+003 1.68392676e+003 1.17341418e+003
    1.80484521e+003 1.19286060e+003 1.92550562e+003 1.21214392e+003
    1.19080347e+003 1.19901648e+003 1.31009717e+003 1.21823718e+003
    1.42906580e+003 1.23730005e+003 1.54767798e+003 1.25637976e+003
    1.66586206e+003 1.27526343e+003 1.78406091e+003 1.29417029e+003
    1.90194104e+003 1.31298560e+003 1.18403284e+003 1.29857996e+003
    1.30063245e+003 1.31710132e+003 1.41698511e+003 1.33559448e+003
    1.53296167e+003 1.35408301e+003 1.64856567e+003 1.37247595e+003
    1.76409570e+003 1.39087427e+003 1.87938818e+003 1.40923450e+003
    1.05685229e+003 1.03865918e+003 1.17889368e+003 1.00838794e+003
    1.30282361e+003 9.77623169e+002 1.42883765e+003 9.45937134e+002
    1.55684045e+003 9.13669922e+002 1.68708997e+003 8.80744141e+002
    1.81950867e+003 8.47664368e+002 1.10807227e+003 1.14640149e+003
    1.22757373e+003 1.11726160e+003 1.34870764e+003 1.08825610e+003
    1.47185339e+003 1.05818481e+003 1.59674170e+003 1.02780530e+003
    1.72415625e+003 9.96616760e+002 1.85347266e+003 9.65344360e+002
    1.15678943e+003 1.24833667e+003 1.27359570e+003 1.22106421e+003
    1.39218152e+003 1.19313586e+003 1.51248193e+003 1.16486572e+003
    1.63467517e+003 1.13595544e+003 1.75909827e+003 1.10664880e+003
    1.88550464e+003 1.07669287e+003 1.20277991e+003 1.34552148e+003
    1.31712659e+003 1.31923804e+003 1.43325732e+003 1.29271716e+003
    1.55104590e+003 1.26586670e+003 1.67058154e+003 1.23852246e+003
    1.79228125e+003 1.21069604e+003 1.91591687e+003 1.18238171e+003
    1.24688904e+003 1.43799414e+003 1.35898975e+003 1.41324219e+003
    1.47267029e+003 1.38806140e+003 1.58799854e+003 1.36265540e+003
    1.70494226e+003 1.33672620e+003 1.82410205e+003 1.31035278e+003
    1.94512781e+003 1.28358350e+003 1.28897095e+003 1.52679932e+003
    1.39862061e+003 1.50320264e+003 1.51015137e+003 1.47928564e+003
    1.62310852e+003 1.45504858e+003 1.73769812e+003 1.43040125e+003
    1.85442236e+003 1.40539539e+003 1.97281616e+003 1.38010730e+003
    1.29554492e+003 6.71947632e+002 1.42412158e+003 6.87594116e+002
    1.55303271e+003 7.03084595e+002 1.68206396e+003 7.18583496e+002
    1.81128662e+003 7.33884033e+002 1.94102478e+003 7.49112610e+002
    2.07124951e+003 7.64094543e+002 1.28267957e+003 8.02709839e+002
    1.41067053e+003 8.18388672e+002 1.53851147e+003 8.33860779e+002
    1.66670264e+003 8.49349243e+002 1.79503394e+003 8.64666321e+002
    1.92393872e+003 8.79966309e+002 2.05315405e+003 8.95120361e+002
    1.27000098e+003 9.31663025e+002 1.39698914e+003 9.47236084e+002
    1.52416064e+003 9.62780640e+002 1.65135071e+003 9.78074341e+002
    1.77896667e+003 9.93574341e+002 1.90697839e+003 1.00898444e+003
    2.03533276e+003 1.02427612e+003 1.25715784e+003 1.05844641e+003
    1.38348572e+003 1.07395801e+003 1.50994946e+003 1.08941284e+003
    1.63651355e+003 1.10496985e+003 1.76321155e+003 1.12035510e+003
    1.89043298e+003 1.13589417e+003 2.01792700e+003 1.15138391e+003
    1.24457031e+003 1.18428308e+003 1.37010339e+003 1.19979016e+003
    1.49578687e+003 1.21517395e+003 1.62157861e+003 1.23070349e+003
    1.74756433e+003 1.24617871e+003 1.87406030e+003 1.26183484e+003
    2.00086682e+003 1.27742810e+003 1.23178882e+003 1.30883484e+003
    1.35661719e+003 1.32416541e+003 1.48159680e+003 1.33959521e+003
    1.60674707e+003 1.35515259e+003 1.73201440e+003 1.37067175e+003
    1.85812781e+003 1.38657129e+003 1.98387402e+003 1.40212500e+003
    1.15704846e+003 7.97876648e+002 1.30198730e+003 7.95664246e+002
    1.44207141e+003 7.93775208e+002 1.57645728e+003 7.91654907e+002
    1.70573706e+003 7.89470947e+002 1.83061853e+003 7.87334473e+002
    1.95151294e+003 7.85291748e+002 1.15643420e+003 9.42189514e+002
    1.29927966e+003 9.37178711e+002 1.43668408e+003 9.32775330e+002
    1.56843188e+003 9.27867371e+002 1.69564575e+003 9.23549561e+002
    1.81837292e+003 9.19041626e+002 1.93717212e+003 9.14922852e+002
    1.15585156e+003 1.08023169e+003 1.29662598e+003 1.07336084e+003
    1.43124097e+003 1.06616248e+003 1.56085950e+003 1.05927710e+003
    1.68574622e+003 1.05247595e+003 1.80651099e+003 1.04591296e+003
    1.92309241e+003 1.03945276e+003 1.15631689e+003 1.21356494e+003
    1.29370703e+003 1.20362622e+003 1.42607068e+003 1.19419678e+003
    1.55345715e+003 1.18511987e+003 1.67650891e+003 1.17610425e+003
    1.79506470e+003 1.16768176e+003 1.90980615e+003 1.15937512e+003
    1.15571655e+003 1.34166956e+003 1.29075684e+003 1.32980859e+003
    1.42090771e+003 1.31813965e+003 1.54622571e+003 1.30704956e+003
    1.66708398e+003 1.29626660e+003 1.78400378e+003 1.28593616e+003
    1.89703687e+003 1.27588000e+003 1.15464465e+003 1.46579834e+003
    1.28774561e+003 1.45153113e+003 1.41567493e+003 1.43800049e+003
    1.53906714e+003 1.42495520e+003 1.65778796e+003 1.41230505e+003
