<?xml version="1.0"?>
<opencv_storage>
<calibration_Time>"Thursday 03 September 2015 04:49:47 PM IST"</calibration_Time>
<nrOfFrames>10</nrOfFrames>
<image_Width>640</image_Width>
<image_Height>480</image_Height>
<board_Width>7</board_Width>
<board_Height>4</board_Height>
<square_Size>30.</square_Size>
<FixAspectRatio>1.</FixAspectRatio>
<!-- flags:  +fix_aspectRatio +fix_principal_point +zero_tangent_dist -->
<flagValue>14</flagValue>
<Camera_Matrix type_id="opencv-matrix">
  <rows>3</rows>
  <cols>3</cols>
  <dt>d</dt>
  <data>
    5.6678092156496814e+02 0. 3.1950000000000000e+02 0.
    5.6678092156496814e+02 2.3950000000000000e+02 0. 0. 1.</data></Camera_Matrix>
<Distortion_Coefficients type_id="opencv-matrix">
  <rows>5</rows>
  <cols>1</cols>
  <dt>d</dt>
  <data>
    7.5930574539087060e-03 -2.5770443656688685e-01 0. 0.
    3.5784680563603893e-01</data></Distortion_Coefficients>
<Avg_Reprojection_Error>5.7477684052312317e-01</Avg_Reprojection_Error>
<Per_View_Reprojection_Errors type_id="opencv-matrix">
  <rows>10</rows>
  <cols>1</cols>
  <dt>f</dt>
  <data>
    4.71644342e-01 6.99227929e-01 3.86778772e-01 6.15719497e-01
    3.48014742e-01 1.89631537e-01 3.47614527e-01 7.39807904e-01
    8.30319941e-01 7.40911961e-01</data></Per_View_Reprojection_Errors>
<!-- a set of 6-tuples (rotation vector + translation vector) for each view -->
<Extrinsic_Parameters type_id="opencv-matrix">
  <rows>10</rows>
  <cols>6</cols>
  <dt>d</dt>
  <data>
    -1.3469606921346469e-01 -2.3883251125181779e-01
    -1.7243062577277472e-02 -1.4692060246100667e+02
    -2.3485257548225547e+01 3.1083141553276670e+02
    -7.1183342295217972e-02 6.6743450612475219e-02
    -4.9347217531597910e-02 -1.2869740727672820e+02
    -1.3356152559425416e+01 2.5714652820355786e+02
    -4.4957018882959981e-01 1.7011624686406310e-01
    -9.5770254118024339e-02 -2.3473997255366132e+02
    1.7159079116869968e+01 5.9455491712149433e+02
    -4.8191602940409345e-01 1.9952382982686978e-01
    -7.4373706384066735e-02 -2.4009967258776848e+02
    1.9694656600941208e+01 5.8451338690429645e+02 1.6803253382129921e-01
    1.6850949032804485e-01 -1.4565672815756792e-01
    -2.8386573658304019e+02 1.8532775476095640e+01
    5.1088424155833638e+02 9.3862909512255011e-02 3.7585440547459548e-02
    -1.5127920306555903e-01 -2.7267307749711728e+02
    1.7639113175947791e+01 4.9589222285201981e+02
    -4.4325831480957284e-02 -3.9615031814285767e-01
    -1.1172291887002574e-01 -1.8583933944426866e+02
    -6.7389364961825695e+00 4.2606646727064054e+02
    1.7760376512579110e-01 -5.6868862187813407e-01
    -6.6546647608461129e-02 -1.7610917709095827e+02
    -5.8277495295337607e+00 3.7205800167048835e+02
    4.2763980731184587e-01 -4.8921226917372707e-01
    -1.2545392209022763e-02 -1.7961201954355539e+02
    2.7655920621582344e+00 3.6770534940527449e+02 3.8866062446584854e-01
    -4.6443190137326512e-01 -2.1676832698207849e-02
    -1.8561496369633886e+02 1.1949086614202449e+00
    3.7164265982889572e+02</data></Extrinsic_Parameters>
<Image_points type_id="opencv-matrix">
  <rows>10</rows>
  <cols>28</cols>
  <dt>"2f"</dt>
  <data>
    5.35381165e+01 1.97659485e+02 1.09895775e+02 1.97487778e+02
    1.64624298e+02 1.98209808e+02 2.17609543e+02 1.99291656e+02
    2.68446503e+02 1.99752350e+02 3.17062469e+02 2.00544968e+02
    3.64270599e+02 2.01465271e+02 5.22398415e+01 2.51345245e+02
    1.09462448e+02 2.50575546e+02 1.64893600e+02 2.50386734e+02
    2.18430664e+02 2.50109924e+02 2.69742859e+02 2.49855743e+02
    3.19483032e+02 2.49377930e+02 3.67059418e+02 2.49460327e+02
    5.03464355e+01 3.05860809e+02 1.08976982e+02 3.04587830e+02
    1.64979309e+02 3.02950195e+02 2.19337357e+02 3.01851288e+02
    2.71484802e+02 3.00643097e+02 3.20634521e+02 2.99511047e+02
    3.68017761e+02 2.98633850e+02 4.93149261e+01 3.62735016e+02
    1.08171974e+02 3.60332092e+02 1.65143417e+02 3.58156769e+02
    2.20190430e+02 3.55555267e+02 2.72524261e+02 3.53155609e+02
    3.22401001e+02 3.50759338e+02 3.70288208e+02 3.49052979e+02
    3.77958603e+01 2.09930695e+02 1.00825035e+02 2.06218384e+02
    1.65230438e+02 2.02585403e+02 2.30946213e+02 1.98755295e+02
    2.97966614e+02 1.94778030e+02 3.66150665e+02 1.91358521e+02
    4.35079590e+02 1.88372147e+02 3.90163498e+01 2.75652832e+02
    1.02545586e+02 2.72506653e+02 1.67190765e+02 2.69358093e+02
    2.33718445e+02 2.66285553e+02 3.01540375e+02 2.63070190e+02
    3.70315918e+02 2.60082886e+02 4.40475006e+02 2.57014679e+02
    4.02354126e+01 3.42160797e+02 1.04263565e+02 3.39983826e+02
    1.69404831e+02 3.37506256e+02 2.36608536e+02 3.34902710e+02
    3.05093475e+02 3.32177063e+02 3.74806244e+02 3.29493042e+02
    4.45487610e+02 3.26828308e+02 4.14974289e+01 4.10259247e+02
    1.05915909e+02 4.08771088e+02 1.71891693e+02 4.07094177e+02
    2.39507431e+02 4.05177490e+02 3.08701263e+02 4.03543243e+02
    3.79172363e+02 4.01384033e+02 4.50522614e+02 3.98587952e+02
    9.62424622e+01 2.55898865e+02 1.22401909e+02 2.52071884e+02
    1.49379898e+02 2.48377060e+02 1.76926971e+02 2.45068283e+02
    2.04893661e+02 2.41160004e+02 2.32778503e+02 2.36890121e+02
    2.62373413e+02 2.33688995e+02 9.32065125e+01 2.82570343e+02
    1.19802124e+02 2.78921021e+02 1.47246063e+02 2.75258514e+02
    1.75544800e+02 2.71952271e+02 2.03575607e+02 2.68383026e+02
    2.32437195e+02 2.64258972e+02 2.62371979e+02 2.60775787e+02
    8.98910599e+01 3.10291016e+02 1.17118469e+02 3.06743805e+02
    1.45207672e+02 3.03257751e+02 1.73559097e+02 2.99883270e+02
    2.02443542e+02 2.96056702e+02 2.32000839e+02 2.92753632e+02
    2.62406738e+02 2.89556763e+02 8.63803101e+01 3.38925232e+02
    1.14411552e+02 3.35738892e+02 1.42920074e+02 3.32519562e+02
    1.71806473e+02 3.29241150e+02 2.00923370e+02 3.25859039e+02
    2.30916031e+02 3.22555084e+02 2.62578522e+02 3.19736023e+02
    8.76898804e+01 2.58947296e+02 1.13545853e+02 2.55293671e+02
    1.40235703e+02 2.51438812e+02 1.67374298e+02 2.47827148e+02
    1.96208786e+02 2.44869110e+02 2.24729340e+02 2.41965195e+02
    2.54517990e+02 2.39013199e+02 8.34165039e+01 2.85867493e+02
    1.09690331e+02 2.82364258e+02 1.36735092e+02 2.78501617e+02
    1.64508774e+02 2.75251678e+02 1.93549774e+02 2.72005096e+02
    2.23288101e+02 2.69268524e+02 2.53541946e+02 2.66421906e+02
    7.84369736e+01 3.13700562e+02 1.05290855e+02 3.10559113e+02
    1.32940796e+02 3.06969910e+02 1.61364304e+02 3.03918030e+02
    1.90946533e+02 3.00835785e+02 2.21118027e+02 2.98278961e+02
    2.52221848e+02 2.95562927e+02 7.30664520e+01 3.42979126e+02
    1.00843407e+02 3.40213013e+02 1.28999817e+02 3.37179504e+02
    1.58282501e+02 3.34196442e+02 1.88238297e+02 3.31414917e+02
    2.19099579e+02 3.28699097e+02 2.51280258e+02 3.26314606e+02
    8.25045872e+00 2.60037842e+02 3.65108223e+01 2.55627060e+02
    6.53940048e+01 2.51565002e+02 9.53696213e+01 2.47693817e+02
    1.26752052e+02 2.42974167e+02 1.59030533e+02 2.38582184e+02
    1.91976318e+02 2.33453156e+02 1.64068680e+01 2.91255432e+02
    4.43734894e+01 2.87656250e+02 7.28938828e+01 2.84326050e+02
    1.02940002e+02 2.80741119e+02 1.33645966e+02 2.76714020e+02
    1.65631622e+02 2.72240997e+02 1.98572144e+02 2.68033722e+02
    2.43290176e+01 3.22453278e+02 5.19212761e+01 3.19503815e+02
    8.05454254e+01 3.16367859e+02 1.10294991e+02 3.12915802e+02
    1.40755783e+02 3.09343750e+02 1.72283707e+02 3.05397858e+02
    2.04925766e+02 3.01679962e+02 3.16989708e+01 3.52903534e+02
    5.96368065e+01 3.50134277e+02 8.81010132e+01 3.47409180e+02
    1.17473625e+02 3.44481049e+02 1.47612656e+02 3.41491089e+02
    1.78817001e+02 3.38268616e+02 2.11456543e+02 3.34700562e+02
    1.13105068e+01 2.59397369e+02 4.32767448e+01 2.54265457e+02
    7.55989075e+01 2.49429626e+02 1.08424065e+02 2.44554153e+02
    1.41422409e+02 2.39291656e+02 1.75145721e+02 2.34275681e+02
    2.09255829e+02 2.29031174e+02 1.83789616e+01 2.92522125e+02
    5.00430374e+01 2.87534088e+02 8.20472336e+01 2.83104919e+02
    1.14752228e+02 2.78111115e+02 1.47790070e+02 2.73274780e+02
